Beijing_95_Ca2;0;2;5;12;5;2;5;8;5;2;10;12
Brazil__78_Ca2;2;0;8;12;2;5;5;5;8;0;10;12
Brisbane07_Ca2;5;8;0;10;8;2;5;5;0;8;8;15
Californ09_Ca2;12;12;10;0;12;10;10;10;10;12;8;8
Chile_1983_Ca2;5;2;8;12;0;5;5;5;8;2;10;15
NewCaled99_Ca2;2;5;2;10;5;0;2;5;2;5;8;15
PuerRico34_Ca2;5;5;5;10;5;2;0;5;5;5;8;15
Singapor86_Ca2;8;5;5;10;5;5;5;0;5;5;8;15
SolomIsl06_Ca2;5;8;0;10;8;2;5;5;0;8;8;15
USSR__1977_Ca2;2;0;8;12;2;5;5;5;8;0;10;12
SoCar_1_18_Ca2;10;10;8;8;10;8;8;8;8;10;0;8
NeJer_8_76_Ca2;12;12;15;8;15;15;15;15;15;12;8;0
