Beijing_95_Cb;0;7;0;13;7;0;13;7;3;7;13;13
Brazil__78_Cb;7;0;7;13;0;7;13;0;10;0;13;13
Brisbane07_Cb;0;7;0;13;7;0;13;7;3;7;13;13
Californ09_Cb;13;13;13;0;13;13;13;13;13;13;3;7
Chile_1983_Cb;7;0;7;13;0;7;13;0;10;0;13;13
NewCaled99_Cb;0;7;0;13;7;0;13;7;3;7;13;13
PuerRico34_Cb;13;13;13;13;13;13;0;13;13;13;10;7
Singapor86_Cb;7;0;7;13;0;7;13;0;10;0;13;13
SolomIsl06_Cb;3;10;3;13;10;3;13;10;0;10;13;13
USSR__1977_Cb;7;0;7;13;0;7;13;0;10;0;13;13
SoCar_1_18_Cb;13;13;13;3;13;13;10;13;13;13;0;3
NeJer_8_76_Cb;13;13;13;7;13;13;7;13;13;13;3;0
