Beijing_95_Sb;0;8;5;15;8;3;13;0;3;8;15;15
Brazil__78_Sb;8;0;10;15;0;12;13;8;8;0;15;15
Brisbane07_Sb;5;10;0;15;10;3;12;5;5;10;15;15
Californ09_Sb;15;15;15;0;15;15;8;15;13;15;3;2
Chile_1983_Sb;8;0;10;15;0;12;13;8;8;0;15;15
NewCaled99_Sb;3;12;3;15;12;0;12;3;3;12;15;15
PuerRico34_Sb;13;13;12;8;13;12;0;13;12;13;10;8
Singapor86_Sb;0;8;5;15;8;3;13;0;3;8;15;15
SolomIsl06_Sb;3;8;5;13;8;3;12;3;0;8;13;13
USSR__1977_Sb;8;0;10;15;0;12;13;8;8;0;15;15
SoCar_1_18_Sb;15;15;15;3;15;15;10;15;13;15;0;2
NeJer_8_76_Sb;15;15;15;2;15;15;8;15;13;15;2;0
